# source: PyIRI 0.1.7 sh_library.IRI_sh_params, coord='MLT', foF2_coeff='CCIR'
# columns: month ut qdlat mlt foF2_min foF2_max M3000_min M3000_max
1 0 -75 0 3.9488004401108294 5.3167178361432645 3.1411228973524676 2.6677325073442764
1 0 -40 3.5 2.6054779362944624 5.0040276693177566 3.2066488483113051 2.7475042691060612
1 0 -12.5 7.25 5.8928851078740765 8.5025937911869978 3.0359686303797564 2.7304402100740517
1 0 0 12 6.0889804123156352 9.5869913717233235 2.5094930981688339 2.2012105776993831
1 0 7.5 15.75 8.63868556180749 12.481481260865587 3.2118950110100228 2.6642617722721567
1 0 33 18 3.5736117160205598 7.2989193954409597 3.5883012128000416 3.1418724397189632
1 0 61 21.5 2.1793381684913298 3.857937498514123 3.1544473959886941 2.8281731813432933
1 0 88 23 2.922995360298605 4.6658596493889792 3.0957026195477066 2.793662465754815
1 6.5 -75 0 4.3595266051762094 5.5207371514833072 3.1484698185581954 2.6852813734119869
1 6.5 -40 3.5 4.2190969911251957 6.7815546357970904 3.0513036613737805 2.6031011200468153
1 6.5 -12.5 7.25 5.0595633556356026 7.4878419473340818 3.1110492988881027 2.8585025740631389
1 6.5 0 12 6.0535561041277042 9.7401826951233872 2.570927798380839 2.2398097386829088
1 6.5 7.5 15.75 7.9860884189457408 12.0994286771568 3.2915753913983221 2.6891904950308261
1 6.5 33 18 3.0922308972043084 5.5716363434568876 3.4212639932286613 3.0938718081196943
1 6.5 61 21.5 1.8774742299190292 2.1027616982947182 3.1842689266295428 2.9374060636279538
1 6.5 88 23 2.5696691467782018 4.4558551725272215 3.0886592880329511 2.7852377592197963
1 13 -75 0 3.6001958032139338 4.9732861671702526 3.1250820195465359 2.6795429090466127
1 13 -40 3.5 3.3516581781822556 5.959205752001937 3.000670181654661 2.5857188571983127
1 13 -12.5 7.25 5.540059995504107 7.5835518988680448 3.1926212277250783 2.8170810270976951
1 13 0 12 6.3803437003265637 9.8767272024715815 2.6301632102628751 2.3054265824494422
1 13 7.5 15.75 9.6441621132761917 13.015673656223129 3.1825230333179331 2.6700154392675506
1 13 33 18 3.7599870606918611 6.5018246667963204 3.5285994996178687 3.0819868652363271
1 13 61 21.5 1.9807645750662237 2.8938825403879425 3.1051791855800253 2.8145879346661604
1 13 88 23 2.5145610149192645 4.4293966778272518 3.1476340765561566 2.8222552789506485
1 19.75 -75 0 3.2016213437551788 4.1954135227399538 3.2960938400387927 2.8134422987050063
1 19.75 -40 3.5 2.9532674133539509 5.0117753313318838 3.1863989963959622 2.7626975053596921
1 19.75 -12.5 7.25 6.1617503470344142 8.663088024990639 3.1797031244117355 2.8535863838201698
1 19.75 0 12 6.140458249561223 9.8820003227539122 2.5791048783325028 2.2395726273611576
1 19.75 7.5 15.75 9.1356453649617784 12.521389002061179 3.1480025752539524 2.6446707456925687
1 19.75 33 18 4.1364954341093503 6.9962806817042642 3.5296382095051562 3.0850029798009611
1 19.75 61 21.5 2.1663913475983136 2.6035511207678459 3.0790623824741785 2.7848697648559275
1 19.75 88 23 3.3568930250859723 5.1924132394910396 3.1298600696594878 2.8420362916955337
4 0 -75 0 2.4470551928037976 4.0750901440062544 3.1480467893005804 2.7133162470109458
4 0 -40 3.5 2.0270057446687439 3.0329226467610226 3.2137986867084671 2.8352476691879915
4 0 -12.5 7.25 6.0991566567702007 9.5023970116049465 3.3390615644112387 3.0835712515867191
4 0 0 12 7.5654717757006287 10.641439768019413 2.5388458248725856 2.2475329362809813
4 0 7.5 15.75 9.9792961364315964 13.325078098591076 2.9536489815106219 2.5234118573418356
4 0 33 18 6.902938321308282 10.547380844847741 3.401768847905978 2.971879401786321
4 0 61 21.5 3.3332713702893271 6.1046411134257612 3.1850752445898589 2.7617614425061143
4 0 88 23 3.1906130549938925 5.0384188002775092 2.9977693326917789 2.6615885425913981
4 6.5 -75 0 4.284330793093762 6.6871480802447261 3.1337011150839462 2.7991390484475889
4 6.5 -40 3.5 2.4214726019941448 3.2284752910160415 3.1325747377838571 2.6782444524101781
4 6.5 -12.5 7.25 5.4878205294147566 9.2555438379797703 3.321902220114465 3.043872412886929
4 6.5 0 12 7.0425264830017342 10.425644568080578 2.5973877062748825 2.2963237697323606
4 6.5 7.5 15.75 10.318393779894798 13.573162028151314 2.9660555469882506 2.5060826998691619
4 6.5 33 18 5.880429811649373 9.6692386592507411 3.3542032681012603 2.9614278294617442
4 6.5 61 21.5 2.6771920406703145 4.6392599495717493 3.0705638346010522 2.7848157194076557
4 6.5 88 23 3.3595586672693307 5.3950170863761722 3.0829906243121443 2.7612027451753027
4 13 -75 0 2.1101080361151996 4.0355283189380655 2.9977308840595618 2.6424238907240576
4 13 -40 3.5 2.8356791601080169 4.293587349657825 3.0617669762222062 2.7236507675175097
4 13 -12.5 7.25 5.4122012935315231 9.1425323836830383 3.4974682171925537 3.196872184501633
4 13 0 12 7.0219343953236519 11.190122354926965 2.5839427261326713 2.3028959119393644
4 13 7.5 15.75 11.740334904536418 14.111809224294573 3.0255982678730935 2.5757195034602991
4 13 33 18 6.1046942185899686 10.227594845223312 3.4926241727282656 3.0373495275773172
4 13 61 21.5 3.6242308431639247 6.0924060440605503 3.0867478259730423 2.7713991147822221
4 13 88 23 3.8785111294199828 5.7341539730124191 3.085556091569166 2.7763553126128002
4 19.75 -75 0 1.9894652673661244 3.1089687471077285 3.1725196151352395 2.7643449891990235
4 19.75 -40 3.5 3.1923927200318087 4.5009873230091504 3.1582306394675026 2.8811866376568473
4 19.75 -12.5 7.25 5.7786431171478121 9.6747697494048417 3.4274103115653936 3.1250988907174952
4 19.75 0 12 7.071750096557099 10.506535927956014 2.5107251827387591 2.220753575506373
4 19.75 7.5 15.75 9.6318495854619197 13.028544427732355 2.974350925023562 2.5452936587221089
4 19.75 33 18 6.7941583191057333 10.019118420650573 3.3241817667646343 2.9220144539732669
4 19.75 61 21.5 3.320974349097964 5.7464563581117956 3.1345472883547316 2.7814904280408004
4 19.75 88 23 3.4395601131092146 5.2029319091869652 2.9574847475723214 2.654856978330435
7 0 -75 0 1.6972214320599108 3.0736487680974247 3.2657910399194208 2.9183649410091692
7 0 -40 3.5 1.7351027645674864 2.0406666925667696 3.2975529432796895 2.969352815191987
7 0 -12.5 7.25 5.1367221316230696 7.9628897100961025 3.323331221958377 3.1720992854361678
7 0 0 12 6.4459095719702582 9.9379567274985003 2.582137589697779 2.3348063804263517
7 0 7.5 15.75 7.5112767138503287 10.8628928450596 2.7830022119120423 2.4712537557595997
7 0 33 18 6.6496190952943044 8.5219906658897866 3.2994513309140903 2.9425099272632145
7 0 61 21.5 4.078304233200023 6.0047511713953687 3.2304430825510457 2.8864310090037759
7 0 88 23 3.7280391283812873 4.84250912687612 2.8577672743162044 2.6241417634915831
7 6.5 -75 0 2.8521801236743651 5.1632139543908817 3.1613944922619779 2.8813937347703744
7 6.5 -40 3.5 1.5871146492050108 2.0014590829342707 3.2162513682040075 2.8679148198282589
7 6.5 -12.5 7.25 5.3412387384444218 8.4546226389668675 3.3635869972403389 3.1417628475293475
7 6.5 0 12 5.8661811634715457 9.0233272049597435 2.5933755628174824 2.3354595077251923
7 6.5 7.5 15.75 7.2305866644046386 10.732789671999278 2.7937263365400535 2.4735695650201937
7 6.5 33 18 5.6485025698604447 7.7084951569616571 3.3101404233704748 2.9864427816726287
7 6.5 61 21.5 3.3705199213827721 4.8257330644278396 3.2678623466503329 2.9368203709763474
7 6.5 88 23 3.7270124681464742 4.9770869361483747 2.9365551711220759 2.6920269414285642
7 13 -75 0 1.6821026692203722 3.1993751954083987 3.1081517008476736 2.8300033729762051
7 13 -40 3.5 2.6952874771785482 3.393610050179547 3.1731032863778106 2.8801752334780417
7 13 -12.5 7.25 4.5512580971478451 7.9957356935982595 3.5504733058059856 3.2945551078431388
7 13 0 12 5.7694866105594711 9.0913061543587901 2.5223296460553275 2.3450225952116019
7 13 7.5 15.75 8.2901753686556212 12.193718346486818 2.8318324093757101 2.501334499264475
7 13 33 18 5.7109467594008079 7.6690667290872971 3.3264640407115573 3.0653800673445066
7 13 61 21.5 4.0904935182281461 6.0672393332916128 3.1468113022862121 2.8650767987557817
7 13 88 23 4.0206959264512481 5.0802432888139606 2.850397020387295 2.6461395257144344
7 19.75 -75 0 1.6452514157587939 2.8761134506970896 3.3409982932322717 2.9874155159739324
7 19.75 -40 3.5 2.7613038577771167 3.5779814014649829 3.2908693189194791 3.0099950212370614
7 19.75 -12.5 7.25 5.1636312205013652 7.7533362426796906 3.4537070370500547 3.2066252188642652
7 19.75 0 12 5.976294119144784 8.8789275334802227 2.5682471717866968 2.3227037580923744
7 19.75 7.5 15.75 7.3490528752722586 9.9574471204723292 2.7773314752844045 2.4715547201787578
7 19.75 33 18 5.9968052624975501 8.7382077326512135 3.2181995750673149 2.9221400802364204
7 19.75 61 21.5 4.0811691610416752 5.9331100161834396 3.2205332997846763 2.9164819769368493
7 19.75 88 23 3.8605727486489956 5.0100971506861338 2.7660835108658413 2.5521528124930195
10 0 -75 0 3.018850604604137 4.7240971563267298 3.1272286141159427 2.7467230187670699
10 0 -40 3.5 2.0771040504505391 4.807389517059911 3.1199065429199986 2.8240661133040525
10 0 -12.5 7.25 6.9109925041224418 9.9082947936737202 3.3328226631355311 3.0572138563376048
10 0 0 12 7.6880438253012597 11.343127258945088 2.5345393362255293 2.2710229264703332
10 0 7.5 15.75 11.047440785148956 13.851343906797727 3.0617390969014626 2.6056724687834412
10 0 33 18 4.7983950183642552 9.8269842007417854 3.5998646451917211 3.1347783330005066
10 0 61 21.5 2.9406313837086042 5.1843077981462615 3.095819105042473 2.7923740232819747
10 0 88 23 3.7594550121052634 5.7387290958017179 3.1682564642526585 2.8287568928188267
10 6.5 -75 0 4.4018706529379523 6.3957931053594326 3.1212367271473558 2.7628383844206179
10 6.5 -40 3.5 3.5715156298184869 6.1088754799329728 3.0986662467962081 2.7203945866597885
10 6.5 -12.5 7.25 5.9447425990504978 8.2512498036954085 3.3552940504319175 3.0709114522208147
10 6.5 0 12 7.3145730279801038 10.588466132496812 2.5797002606989912 2.3122695329547258
10 6.5 7.5 15.75 10.505401122855419 13.760506010173172 3.1571647476603908 2.6331825151386083
10 6.5 33 18 4.5034273205913378 8.4285502335026035 3.5195916233741373 3.1292772746836333
10 6.5 61 21.5 1.8727974015036819 3.3144712126674643 3.1074495379588436 2.8712687414973646
10 6.5 88 23 2.9780456423990311 5.0385872105349261 3.085727187046599 2.787208554421265
10 13 -75 0 2.4641750400154119 4.3432378924104071 2.9864793048162634 2.6611881072928125
10 13 -40 3.5 2.8682583555523826 5.4081624494668254 2.9481436238143659 2.6658993551273293
10 13 -12.5 7.25 6.092835605712283 8.7615666132314001 3.4434029787652274 3.1595617748385156
10 13 0 12 7.7756547921139827 10.851019328042456 2.6124348833731865 2.3620075075763141
10 13 7.5 15.75 12.296261256755395 15.152121492604111 3.0960016094288165 2.6243610883607529
10 13 33 18 5.5525534854968868 9.3730090637097234 3.5492497818739195 3.1532173328413995
10 13 61 21.5 2.368741395872795 4.8953179000284592 3.102957220970247 2.8624621847913616
10 13 88 23 3.3163786408728391 5.4541316650229277 3.0920969531677813 2.8013875952066161
10 19.75 -75 0 2.3871541544728818 3.8511414962619508 3.2109512971333301 2.7901223980507424
10 19.75 -40 3.5 3.0714645010388311 4.8535840769164302 3.0180441041038883 2.7428372801017087
10 19.75 -12.5 7.25 6.7601325008281021 9.6903933613256008 3.4583875648986613 3.1249370541420998
10 19.75 0 12 7.2638900269998388 10.623292621437951 2.5460995975381198 2.2707294983388424
10 19.75 7.5 15.75 10.380194936895469 12.977679936557541 2.9186971145445928 2.5071368468487432
10 19.75 33 18 6.2254504161850051 9.4388954460802488 3.4899547892125438 3.0809893882614263
10 19.75 61 21.5 2.5813778750022518 4.8917785103115081 3.1205743054897139 2.8514533699826239
10 19.75 88 23 4.2123099029403921 6.2264525940837974 3.131260971498004 2.8286893620195421
