# source: PyIRI 0.1.7 main_library.day_of_the_month_corr, sh_library.IRI_sh_params (coord='MLT', foF2_coeff='CCIR'), main_library.solar_interpolate
# columns: year month day f107 ut qdlat mlt foF2 M3000
2026 1 3 65 3 -55 1 4.423185011297285 3.1292923440381175
2026 1 3 65 3 -10 6 3.658217696424269 3.3479219883232219
2026 1 3 65 3 0 11.5 5.9638341852791266 2.4998167776419877
2026 1 3 65 3 22.5 14 6.8106859691752124 3.448292118631179
2026 1 3 65 3 48 19 1.886591042391784 3.3822486477593894
2026 1 3 65 3 70 22.75 2.1703768044381206 3.1664300194292494
2026 1 3 65 15.5 -55 1 3.1547904289266446 3.1090013789729598
2026 1 3 65 15.5 -10 6 3.5505160963054512 3.3230574558938391
2026 1 3 65 15.5 0 11.5 6.652274185368471 2.5605277089212493
2026 1 3 65 15.5 22.5 14 6.585461794833865 3.4962911245743773
2026 1 3 65 15.5 48 19 2.2972769786057601 3.2624328386721908
2026 1 3 65 15.5 70 22.75 1.7871425973266954 3.0832640615846878
2026 1 3 120 3 -55 1 5.8754793458856414 2.8420161302995628
2026 1 3 120 3 -10 6 5.4455729518053895 3.1295970968451701
2026 1 3 120 3 0 11.5 9.1244308981466098 2.295270414592566
2026 1 3 120 3 22.5 14 10.787836950083335 3.0729379068724816
2026 1 3 120 3 48 19 4.343171100358207 3.1975636166026589
2026 1 3 120 3 70 22.75 3.601040887342486 2.9401851514835076
2026 1 3 120 15.5 -55 1 4.8208935830846205 2.8364738775548957
2026 1 3 120 15.5 -10 6 5.4818309565946333 3.0986613527767926
2026 1 3 120 15.5 0 11.5 9.9569300938515983 2.3634628681191852
2026 1 3 120 15.5 22.5 14 9.9947885857386343 3.1206427598660595
2026 1 3 120 15.5 48 19 3.9705577544410415 3.1020387305397108
2026 1 3 120 15.5 70 22.75 3.2640334738945516 2.8794847414101126
2026 1 3 250 3 -55 1 7.3261499870157598 2.2889850725524381
2026 1 3 250 3 -10 6 7.2309299090684291 2.709303177987981
2026 1 3 250 3 0 11.5 12.281494002099846 1.9015013306735691
2026 1 3 250 3 22.5 14 14.760541398442012 2.3503492384362286
2026 1 3 250 3 48 19 6.7970046537940005 2.8420292798001685
2026 1 3 250 3 70 22.75 5.0301054598328658 2.5046446067178976
2026 1 3 250 15.5 -55 1 6.4851340013441456 2.3118353409596679
2026 1 3 250 15.5 -10 6 7.4109865691130565 2.666679836986932
2026 1 3 250 15.5 0 11.5 13.257891332423442 1.984096348576021
2026 1 3 250 15.5 22.5 14 13.400303682639274 2.3974878220726925
2026 1 3 250 15.5 48 19 5.6419677696565165 2.7932664791843012
2026 1 3 250 15.5 70 22.75 4.739273157589377 2.4871922800311208
2026 6 15 65 3 -55 1 2.3915681232247685 3.1402835104277744
2026 6 15 65 3 -10 6 2.7402290215780378 3.2985695406837254
2026 6 15 65 3 0 11.5 6.2416800199179088 2.5477164363377849
2026 6 15 65 3 22.5 14 7.373548814999209 2.9092433909003157
2026 6 15 65 3 48 19 5.0344756527665995 3.27018730058579
2026 6 15 65 3 70 22.75 3.6567975203713492 3.2880695539392124
2026 6 15 65 15.5 -55 1 2.3311442031228635 3.1121138441504406
2026 6 15 65 15.5 -10 6 2.3488116721940893 3.3437937788841419
2026 6 15 65 15.5 0 11.5 5.9630978140526434 2.6197073107461124
2026 6 15 65 15.5 22.5 14 7.5080121444772416 2.9626354264427044
2026 6 15 65 15.5 48 19 4.8160451213773214 3.2153920397270279
2026 6 15 65 15.5 70 22.75 3.9420804529491269 3.2371504233001005
2026 6 15 120 3 -55 1 2.7949340717570115 2.923656592059606
2026 6 15 120 3 -10 6 5.1302902998433737 3.1626858027167986
2026 6 15 120 3 0 11.5 9.2924283638437011 2.3765482939230522
2026 6 15 120 3 22.5 14 9.8037303800325173 2.7599050631941777
2026 6 15 120 3 48 19 6.205257152965161 3.0362190060388317
2026 6 15 120 3 70 22.75 4.749288689140295 3.0142265795762566
2026 6 15 120 15.5 -55 1 3.4400540402067845 2.9298407769958494
2026 6 15 120 15.5 -10 6 4.5064658303251734 3.1726375975144299
2026 6 15 120 15.5 0 11.5 8.668800261512164 2.4648095394094667
2026 6 15 120 15.5 22.5 14 10.052503828533268 2.7907632850872339
2026 6 15 120 15.5 48 19 6.1539946188725976 3.0146626769851914
2026 6 15 120 15.5 70 22.75 5.2051889516092338 2.9755425702190137
2026 6 15 250 3 -55 1 3.1978490492730423 2.5066314153400433
2026 6 15 250 3 -10 6 7.5176794428742184 2.9010980911533424
2026 6 15 250 3 0 11.5 12.339765911479251 2.0470351134883522
2026 6 15 250 3 22.5 14 12.231194954566384 2.4724161261230622
2026 6 15 250 3 48 19 7.374729696557873 2.5858102105151199
2026 6 15 250 3 70 22.75 5.8405584314244958 2.4870556460774238
2026 6 15 250 15.5 -55 1 4.5477240944138018 2.578949675308416
2026 6 15 250 15.5 -10 6 6.6617076889256053 2.8431474431050781
2026 6 15 250 15.5 0 11.5 11.371477680739291 2.1666182021937166
2026 6 15 250 15.5 22.5 14 12.594150721142036 2.4598948470285809
2026 6 15 250 15.5 48 19 7.490448262672933 2.6282416421443044
2026 6 15 250 15.5 70 22.75 6.4668852702742292 2.4719252820990301
2026 12 28 65 3 -55 1 4.5396120756023688 3.1288192109276864
2026 12 28 65 3 -10 6 3.7076338235839614 3.346254665189889
2026 12 28 65 3 0 11.5 6.1420366277867133 2.4972075701859833
2026 12 28 65 3 22.5 14 6.9143193504026819 3.4516229423363702
2026 12 28 65 3 48 19 1.7332169534801734 3.3864051320325821
2026 12 28 65 3 70 22.75 2.0933349024077605 3.169906810579906
2026 12 28 65 15.5 -55 1 3.3121240880915783 3.106897264207102
2026 12 28 65 15.5 -10 6 3.7039870207008843 3.3203237614746222
2026 12 28 65 15.5 0 11.5 7.0197263027746022 2.5683136352589244
2026 12 28 65 15.5 22.5 14 6.709498671520052 3.4897610737367057
2026 12 28 65 15.5 48 19 2.1504195340135772 3.2386422176523153
2026 12 28 65 15.5 70 22.75 1.7057811825349272 3.0841188237670796
2026 12 28 120 3 -55 1 5.977259639088059 2.8470080058829184
2026 12 28 120 3 -10 6 5.5486607129684726 3.133980572826693
2026 12 28 120 3 0 11.5 9.2725382014016589 2.3025123464885779
2026 12 28 120 3 22.5 14 10.678211030160902 3.0903749946211905
2026 12 28 120 3 48 19 4.3874994514174324 3.2036686238907985
2026 12 28 120 3 70 22.75 3.6427393642314265 2.9441874870746982
2026 12 28 120 15.5 -55 1 4.796226991017873 2.8403592363833194
2026 12 28 120 15.5 -10 6 5.6209351442735223 3.105685800893081
2026 12 28 120 15.5 0 11.5 10.111519721545186 2.3730392449848074
2026 12 28 120 15.5 22.5 14 9.9502186505018706 3.1311275797139437
2026 12 28 120 15.5 48 19 4.0878870710736983 3.0999570982005542
2026 12 28 120 15.5 70 22.75 3.2814597885034322 2.8917594804466233
2026 12 28 250 3 -55 1 7.4132998844919449 2.3044975530239959
2026 12 28 250 3 -10 6 7.3876292982988137 2.7253349550632704
2026 12 28 250 3 0 11.5 12.3995398130564 1.9277075406939699
2026 12 28 250 3 22.5 14 14.437894605437553 2.3949420799569734
2026 12 28 250 3 48 19 7.038814409631116 2.8518853590269742
2026 12 28 250 3 70 22.75 5.1904115615761155 2.5096586598963508
2026 12 28 250 15.5 -55 1 6.2786706378846748 2.3272509440574947
2026 12 28 250 15.5 -10 6 7.5357400823679157 2.6924895364744619
2026 12 28 250 15.5 0 11.5 13.199856454829417 1.9971194944463875
2026 12 28 250 15.5 22.5 14 13.187315441191533 2.4407277099793179
2026 12 28 250 15.5 48 19 6.0231884815501466 2.8329764898652088
2026 12 28 250 15.5 70 22.75 4.8553767549861506 2.521451442340588
2027 3 31 65 3 -55 1 2.9981718518888241 3.1101985251235069
2027 3 31 65 3 -10 6 3.5711100753500387 3.3946727697238446
2027 3 31 65 3 0 11.5 7.0026740913496486 2.4286412058818723
2027 3 31 65 3 22.5 14 9.619761220928039 3.1786210894332325
2027 3 31 65 3 48 19 3.1568329828639623 3.2771956515478959
2027 3 31 65 3 70 22.75 2.2646096840345327 3.0889232331380554
2027 3 31 65 15.5 -55 1 2.5541012739264937 2.9807703394941694
2027 3 31 65 15.5 -10 6 3.1832879076137193 3.3611099587365532
2027 3 31 65 15.5 0 11.5 7.1287899276611384 2.5296885628495138
2027 3 31 65 15.5 22.5 14 9.0238174182659066 3.211416976404152
2027 3 31 65 15.5 48 19 4.077282924702776 3.2825133872393928
2027 3 31 65 15.5 70 22.75 2.3793479364605528 3.0676483252406044
2027 3 31 120 3 -55 1 3.9824501185315806 2.8166227015367737
2027 3 31 120 3 -10 6 6.096365340046443 3.2242090742165992
2027 3 31 120 3 0 11.5 10.079134139101241 2.2705410376300321
2027 3 31 120 3 22.5 14 13.087479789728079 2.93025208465885
2027 3 31 120 3 48 19 6.3144102802065518 3.0772521077126669
2027 3 31 120 3 70 22.75 4.458814802090151 2.8549559217451304
2027 3 31 120 15.5 -55 1 4.4667026554190761 2.7937085159315571
2027 3 31 120 15.5 -10 6 6.025020271746591 3.1865049308650675
2027 3 31 120 15.5 0 11.5 10.762023162439313 2.3816777277740355
2027 3 31 120 15.5 22.5 14 12.553007933944521 2.9466699192483135
2027 3 31 120 15.5 48 19 7.2332960023992898 3.0844396332871922
2027 3 31 120 15.5 70 22.75 4.5281592941822639 2.8642155965146108
2027 3 31 250 3 -55 1 4.965627942829717 2.2514643609478382
2027 3 31 250 3 -10 6 8.6187973199885022 2.8960520137798085
2027 3 31 250 3 0 11.5 13.152154644375049 1.9661848149533925
2027 3 31 250 3 22.5 14 16.551321381374748 2.4521207015051352
2027 3 31 250 3 48 19 9.468457344400484 2.6923438408641696
2027 3 31 250 3 70 22.75 6.6505667559273558 2.4045490188762524
2027 3 31 250 15.5 -55 1 6.3771657111760387 2.4335986523175563
2027 3 31 250 15.5 -10 6 8.8635755235408595 2.8503754546543654
2027 3 31 250 15.5 0 11.5 14.391194371431762 2.0967443265202803
2027 3 31 250 15.5 22.5 14 16.078252745631385 2.4370093972408071
2027 3 31 250 15.5 48 19 10.385780595775287 2.7031308704258841
2027 3 31 250 15.5 70 22.75 6.6745682387970566 2.4725903530473308
