# source: ppigrf 2.1.0 igrf_gc, IGRF-14
# columns: r_km colat_deg lon_deg year month day Br_nT Btheta_nT Bphi_nT
6371.1999999999998 10 0 2026 1 1 -54527.603357095679 -6384.0812567545054 195.36701376634778
6371.1999999999998 45 120 2026 1 1 -51085.19491498045 -24007.889495136522 -4213.1239893219899
6371.1999999999998 90 -75 2026 1 1 -9335.961223911554 -26272.662779409202 -3443.1618271644261
6371.1999999999998 135 200 2026 1 1 46237.03758859673 -19535.052659870358 10116.68497270592
6371.1999999999998 170 300 2026 1 1 43720.980244180661 -17474.991154115749 7209.6226785541412
6800 60 30 2026 1 1 -24794.362891719247 -25156.582797595966 1771.5006493611695
7500 100 -150 2026 1 1 6074.396086122968 -18715.711781950944 3816.5504357090258
6371.1999999999998 0.5 45 2026 1 1 -56513.285702853289 -1025.7116753544469 1633.3594982294462
6371.1999999999998 10 0 2028 7 2 -54604.918855291813 -6362.6210206531086 343.63418807990035
6371.1999999999998 45 120 2028 7 2 -51173.804275029004 -23982.648558360925 -4246.5845251780811
6371.1999999999998 90 -75 2028 7 2 -9101.0788007332958 -26129.828136359774 -3650.3432728629159
6371.1999999999998 135 200 2028 7 2 46062.153881380604 -19467.203349750827 10159.27994422775
6371.1999999999998 170 300 2028 7 2 43527.253284575549 -17470.978467653404 7124.7229895926821
6800 60 30 2028 7 2 -24877.410633799715 -25170.320247641248 1802.4896126595663
7500 100 -150 2028 7 2 6034.8711671905248 -18666.597428314792 3805.7109377260795
6371.1999999999998 0.5 45 2028 7 2 -56572.651013577153 -893.55807563646795 1720.6124551069602
6371.1999999999998 10 0 2015 1 1 -54160.331614021772 -6504.8864659631745 -448.36761811315523
6371.1999999999998 45 120 2015 1 1 -50680.748976656418 -24235.059208749302 -3874.6643088547144
6371.1999999999998 90 -75 2015 1 1 -10531.888374905433 -26894.512162257353 -2597.2037901878616
6371.1999999999998 135 200 2015 1 1 46934.662802499886 -19813.564817774481 9891.6171053118651
6371.1999999999998 170 300 2015 1 1 44577.453886887291 -17452.086914422958 7547.7945063422594
6800 60 30 2015 1 1 -24296.357951322341 -25099.633086997059 1473.9915505407964
7500 100 -150 2015 1 1 6284.7433053039031 -18899.67633699263 3835.5260700418457
6371.1999999999998 0.5 45 2015 1 1 -56253.327809384558 -1634.5156427470772 1276.8240157850896
6371.1999999999998 10 0 1950 1 1 -52801.633529095358 -6762.3730896180168 -2080.0980157334989
6371.1999999999998 45 120 1950 1 1 -50264.725023604449 -25265.952392885934 -3414.4177197401395
6371.1999999999998 90 -75 1950 1 1 -14127.466787662099 -30760.65636423419 1904.1788098387594
6371.1999999999998 135 200 1950 1 1 50194.891903620577 -21635.978883650023 8894.8754607532592
6371.1999999999998 170 300 1950 1 1 51260.692335736654 -17707.177517598735 8108.3440859404946
6800 60 30 1950 1 1 -22904.252112495065 -24928.748774430016 -77.476805766935286
7500 100 -150 1950 1 1 6644.1585672709989 -20046.58805876135 3875.8776299111369
6371.1999999999998 0.5 45 1950 1 1 -55504.940156326164 -2956.8715643710684 456.79640146977999
6371.1999999999998 10 0 2012 7 1 -54113.7237948658 -6512.518091700982 -582.1480363602052
6371.1999999999998 45 120 2012 7 1 -50587.752250267375 -24346.572034157223 -3829.323797212141
6371.1999999999998 90 -75 2012 7 1 -10824.50252169341 -27044.896072004922 -2425.8057696198593
6371.1999999999998 135 200 2012 7 1 47079.760346325835 -19875.427388968819 9850.7980266900977
6371.1999999999998 170 300 2012 7 1 44803.757916347327 -17437.139054231535 7611.528448246504
6800 60 30 2012 7 1 -24216.985420629248 -25089.773224661702 1375.8440536821586
7500 100 -150 2012 7 1 6321.8788475195515 -18939.396727806718 3845.9513316411944
6371.1999999999998 0.5 45 2012 7 1 -56222.879036750128 -1723.4199711598017 1180.2054519012377
6371.1999999999998 10 0 1983 3 15 -53799.023515393928 -6701.1001076614539 -1619.5372391510321
6371.1999999999998 45 120 1983 3 15 -49951.480308003673 -25106.993409217881 -3602.8844036335095
6371.1999999999998 90 -75 1983 3 15 -12835.196870228832 -28808.651890600213 -312.83201837268007
6371.1999999999998 135 200 1983 3 15 48633.232454565157 -20836.804373210874 9545.9876323660956
6371.1999999999998 170 300 1983 3 15 47426.327853010211 -17483.469465719369 7929.4294388635135
6800 60 30 1983 3 15 -23483.185092541815 -25152.808984174651 569.32552398559756
7500 100 -150 1983 3 15 6219.1582169062294 -19520.637782473783 3940.9557297136316
6371.1999999999998 0.5 45 1983 3 15 -56236.68207200434 -2390.5718218908387 518.22733653590581
